ep_mean_rew: 851.1204294456704
ep_max_rew: 3334.7183718681335
ep_min_rew: 225.4369522961788
ep_std_rew: 715.0156184465387
ep_mean_len: 204.57
ep_max_len: 228.0
ep_min_len: 85.0
ep_std_len: 39.20159563079034
