ep_mean_rew: 1705.103063227008
ep_max_rew: 3068.044433295727
ep_min_rew: 351.6329402830452
ep_std_rew: 757.2306210163619
ep_mean_len: 137.7
ep_max_len: 228.0
ep_min_len: 56.0
ep_std_len: 49.420744632188615
