ep_mean_rew: 1734.6262351210921
ep_max_rew: 3121.796053290367
ep_min_rew: -799.86083984375
ep_std_rew: 789.785776007282
ep_mean_len: 111.28
ep_max_len: 228.0
ep_min_len: 2.0
ep_std_len: 34.738186481162195
