ep_mean_rew: 45709.33142589569
ep_max_rew: 94035.8561668396
ep_min_rew: 19043.349838256836
ep_std_rew: 13395.550257032477
ep_mean_len: 94.14
ep_max_len: 228.0
ep_min_len: 51.0
ep_std_len: 34.969992851014425
