ep_mean_rew: 53382.730186424254
ep_max_rew: 99668.95490264893
ep_min_rew: 23225.399154663086
ep_std_rew: 16349.381418620676
ep_mean_len: 111.72
ep_max_len: 228.0
ep_min_len: 56.0
ep_std_len: 33.92405636123133
