ep_mean_rew: 69657.22129627228
ep_max_rew: 176095.54718780518
ep_min_rew: 28992.843711853027
ep_std_rew: 24789.043710902573
ep_mean_len: 201.86
ep_max_len: 228.0
ep_min_len: 89.0
ep_std_len: 39.99250429768058
