ep_mean_rew: 7726.328226943612
ep_max_rew: 13090.264191269875
ep_min_rew: 3518.9125232696533
ep_std_rew: 2019.4574334478864
ep_mean_len: 141.74
ep_max_len: 228.0
ep_min_len: 81.0
ep_std_len: 31.249518396288927
