ep_mean_rew: 7850.668293000757
ep_max_rew: 13183.59547328949
ep_min_rew: -766.4625935554504
ep_std_rew: 1836.9928353215228
ep_mean_len: 139.21
ep_max_len: 228.0
ep_min_len: 25.0
ep_std_len: 29.765179320810415
