ep_mean_rew: 7281.065200067163
ep_max_rew: 12820.966217041016
ep_min_rew: 4150.534763157368
ep_std_rew: 1814.2452218985252
ep_mean_len: 151.92
ep_max_len: 228.0
ep_min_len: 97.0
ep_std_len: 31.308682501823675
