ep_mean_rew: 7682.739258282185
ep_max_rew: 13481.169099330902
ep_min_rew: 3936.5839353203773
ep_std_rew: 1721.921650190617
ep_mean_len: 141.31
ep_max_len: 226.0
ep_min_len: 91.0
ep_std_len: 26.959486271069782
