ep_mean_rew: 7133.794814451337
ep_max_rew: 11773.83105635643
ep_min_rew: -103.88855445384979
ep_std_rew: 2009.2764927890767
ep_mean_len: 148.59
ep_max_len: 228.0
ep_min_len: 23.0
ep_std_len: 36.60357769399052
