ep_mean_rew: 7544.402957011462
ep_max_rew: 12125.174231529236
ep_min_rew: 3821.4786753058434
ep_std_rew: 1671.1000407188992
ep_mean_len: 135.1
ep_max_len: 228.0
ep_min_len: 84.0
ep_std_len: 29.521348207695393
