ep_mean_rew: 7883.3401930767295
ep_max_rew: 12781.749451637268
ep_min_rew: 3473.5312399864197
ep_std_rew: 1909.6676874007574
ep_mean_len: 143.2
ep_max_len: 228.0
ep_min_len: 88.0
ep_std_len: 31.39108153600318
