ep_mean_rew: 6877.48764223814
ep_max_rew: 11918.333201408386
ep_min_rew: 3134.889313995838
ep_std_rew: 1934.3128099764483
ep_mean_len: 149.42
ep_max_len: 228.0
ep_min_len: 85.0
ep_std_len: 35.66852393918201
