ep_mean_rew: 7768.416588004828
ep_max_rew: 13337.28518819809
ep_min_rew: 3680.720648765564
ep_std_rew: 2083.2856329291703
ep_mean_len: 151.95
ep_max_len: 228.0
ep_min_len: 83.0
ep_std_len: 34.56251582278119
