ep_mean_rew: 8455.24397308141
ep_max_rew: 12827.661003112793
ep_min_rew: 4715.98890209198
ep_std_rew: 1805.922422081376
ep_mean_len: 148.21
ep_max_len: 228.0
ep_min_len: 101.0
ep_std_len: 29.52940737637652
