ep_mean_rew: 8129.784809858203
ep_max_rew: 12783.387463867664
ep_min_rew: 4792.773620605469
ep_std_rew: 1701.4702101991882
ep_mean_len: 147.22
ep_max_len: 228.0
ep_min_len: 79.0
ep_std_len: 28.59181001615672
