ep_mean_rew: 5084.645067318678
ep_max_rew: 11586.760942935944
ep_min_rew: 1380.1212342977524
ep_std_rew: 1912.0057180024314
ep_mean_len: 226.25
ep_max_len: 228.0
ep_min_len: 140.0
ep_std_len: 10.292108627487371
