ep_mean_rew: 7533.867925950289
ep_max_rew: 12883.42048215866
ep_min_rew: 4699.046419620514
ep_std_rew: 1731.8661181046882
ep_mean_len: 136.78
ep_max_len: 228.0
ep_min_len: 90.0
ep_std_len: 30.38670103844773
