ep_mean_rew: 7775.985832408666
ep_max_rew: 12447.130016326904
ep_min_rew: 3638.9343807697296
ep_std_rew: 2043.5974230670367
ep_mean_len: 145.01
ep_max_len: 228.0
ep_min_len: 73.0
ep_std_len: 35.6688926096676
