ep_mean_rew: 7212.032202116847
ep_max_rew: 12137.845760345459
ep_min_rew: 3493.726220846176
ep_std_rew: 1810.0582881913786
ep_mean_len: 144.06
ep_max_len: 228.0
ep_min_len: 69.0
ep_std_len: 34.1490321971209
