ep_mean_rew: 7624.583311629295
ep_max_rew: 13909.644811630249
ep_min_rew: 3668.330238342285
ep_std_rew: 1898.8995001744654
ep_mean_len: 144.29
ep_max_len: 228.0
ep_min_len: 78.0
ep_std_len: 33.41685053981001
