ep_mean_rew: 8071.799271302223
ep_max_rew: 12402.33839893341
ep_min_rew: 3979.10923576355
ep_std_rew: 1852.5453077466893
ep_mean_len: 144.99
ep_max_len: 218.0
ep_min_len: 83.0
ep_std_len: 29.43314288349105
