ep_mean_rew: 8203.069972488283
ep_max_rew: 13577.72574043274
ep_min_rew: 5069.770222663879
ep_std_rew: 1763.5126442894812
ep_mean_len: 144.36
ep_max_len: 212.0
ep_min_len: 82.0
ep_std_len: 29.20565698627579
