ep_mean_rew: 1729.7420227135826
ep_max_rew: 2787.4735774416476
ep_min_rew: 415.8645480014384
ep_mean_len: 89.95
ep_max_len: 219.0
ep_min_len: 52.0
