ep_mean_rew: 1402.3571473788063
ep_max_rew: 2891.2625990211964
ep_min_rew: -206.2629035115242
ep_mean_len: 131.54
ep_max_len: 228.0
ep_min_len: 7.0
