ep_mean_rew: 1490.267204548227
ep_max_rew: 2771.5982065312564
ep_min_rew: 429.2102173268795
ep_mean_len: 94.98
ep_max_len: 228.0
ep_min_len: 56.0
