ep_mean_rew: 1543.63468754104
ep_max_rew: 3437.7037343531847
ep_min_rew: -603.2967199385166
ep_mean_len: 115.7
ep_max_len: 228.0
ep_min_len: 63.0
