ep_mean_rew: 1573.3151197442064
ep_max_rew: 2683.441089819884
ep_min_rew: 410.5093852393329
ep_mean_len: 89.53
ep_max_len: 228.0
ep_min_len: 50.0
