ep_mean_rew: 1474.4204377875994
ep_max_rew: 3120.232530221343
ep_min_rew: 189.61406221217476
ep_mean_len: 105.19
ep_max_len: 228.0
ep_min_len: 52.0
