ep_mean_rew: 1515.6777308155486
ep_max_rew: 2680.9272726625204
ep_min_rew: -355.5451533421874
ep_mean_len: 85.58
ep_max_len: 228.0
ep_min_len: 40.0
