ep_mean_rew: 443.7664282183341
ep_max_rew: 2604.0891769975424
ep_min_rew: -89.23496059747413
ep_mean_len: 210.95
ep_max_len: 228.0
ep_min_len: 95.0
