ep_mean_rew: 1473.206380224946
ep_max_rew: 2936.0191727280617
ep_min_rew: 72.06682921713218
ep_mean_len: 94.69
ep_max_len: 228.0
ep_min_len: 52.0
