ep_mean_rew: 1513.5029647682315
ep_max_rew: 2760.665888942778
ep_min_rew: -306.5944646000862
ep_mean_len: 93.69
ep_max_len: 228.0
ep_min_len: 7.0
